-3960
-3061
1357
-944
-7136
-557
-5572
-8025
3077
8277
-1035
6104
3165
1762
-1927
2521
-4674
8471
1337
-9333
-5051
-1006
-9062
5077
1180
-3297
3892
-1055
-7890
-3820
5605
-3840
-3519
-8805
-7430
8508
5416
-1463
6189
-8051
7519
2164
-68
-7097
4112
-4675
3371
-7468
-4503
-8177
-4249
8970
5833
-9661
6345
-3629
4818
3456
4024
-3733
-820
-7558
-3678
-4579
4443
7012
4012
4428
2825
9824
-9307
-6236
8850
1390
-7580
-2024
-8918
7106
-7734
5634
-3115
-4016
8515
-5811
-3244
2142
4379
-8482
2107
-2119
4715
574
39
9190
-4276
2331
-7425
148
-8664
2540
9141
-9738
-7616
-2913
-5464
510
7515
-3213
1812
9997
-9556
9029
3293
8435
-1943
-6135
-631
1885
-6045
84
-4122
2157
-7539
-571
4424
4947
6095
8335
6352
9578
4681
3611
4659
9841
3883
-6758
-5084
3577
-9198
6398
4082
9196
-2519
-8757
-4531
4783
4621
-9386
-2202
-7662
-5750
-9319
2081
-4001
-3233
3756
-5739
-1864
7229
-7853
-9707
-2659
8426
-7957
-838
1871
5892
9879
6176
624
3849
1002
-1082
-322
-8700
-6070
-8275
5430
-8923
7645
-1234
-4514
8733
-4971
45
-5105
-6449
3661
7568
-838
-111
5792
6871
-6939
-9480
7256
-4406
2861
6578
1193
3774
-5250
7617
-4309
-4489
-2402
-8536
5422
6692
-5835
-2199
-4738
-7896
2219
-2285
6963
-2464
8804
-4766
1929
9512
-4598
-7164
8707
547
-4845
-3583
5614
3135
8641
-3177
3697
2217
5587
8594
-6529
1734
598
-5374
6093
9863
5933
-8072
5473
-9308
-7759
1920
-2546
-230
8178
-2112
7008
4022
-7494
-3002
1263
2450
-7032
-5002
-1684
1835
-8917
387
-2980
8174
-3961
6654
9502
684
-6259
9848
1086
-1355
-2019
-4861
9805
-1639
7743
-5153
9005
8340
7965
-4938
2648
-8986
3219
1201
-3534
-8860
9739
-8791
-2359
-399
-7078
3669
7803
-6505
5902
1792
2478