4000
-3061
1357
-944
-7136
-557
-5572
-8025
3077
8277
-1035
6104
3165
1762
-1927
2521
-4674
8471
1337
-9333
-5051
-1006
-9062
5077
1180
-3297
3892
-1055
-7890
-3820
5605
-3840
-3519
-8805
-7430
8508
5416
-1463
6189
-8051
7519
2164
-68
-7097
4112
-4675
3371
-7468
-4503
-8177
-4249
8970
5833
-9661
6345
-3629
4818
3456
4024
-3733
-820
-7558
-3678
-4579
4443
7012
4012
4428
2825
9824
-9307
-6236
8850
1390
-7580
-2024
-8918
7106
-7734
5634
-3115
-4016
8515
-5811
-3244
2142
4379
-8482
2107
-2119
4715
574
39
9190
-4276
2331
-7425
148
-8664
2540
9141
-9738
-7616
-2913
-5464
510
7515
-3213
1812
9997
-9556
9029
3293
8435
-1943
-6135
-631
1885
-6045
84
-4122
2157
-7539
-571
4424
4947
6095
8335
6352
9578
4681
3611
4659
9841
3883
-6758
-5084
3577
-9198
6398
4082
9196
-2519
-8757
-4531
4783
4621
-9386
-2202
-7662
-5750
-9319
2081
-4001
-3233
3756
-5739
-1864
7229
-7853
-9707
-2659
8426
-7957
-838
1871
5892
9879
6176
624
3849
1002
-1082
-322
-8700
-6070
-8275
5430
-8923
7645
-1234
-4514
8733
-4971
45
-5105
-6449
3661
7568
-838
-111
5792
6871
-6939
-9480
7256
-4406
2861
6578
1193
3774
-5250
7617
-4309
-4489
-2402
-8536
5422
6692
-5835
-2199
-4738
-7896
2219
-2285
6963
-2464
8804
-4766
1929
9512
-4598
-7164
8707
547
-4845
-3583
5614
3135
8641
-3177
3697
2217
5587
8594
-6529
1734
598
-5374
6093
9863
5933
-8072
5473
-9308
-7759
1920
-2546
-230
8178
-2112
7008
4022
-7494
-3002
1263
2450
-7032
-5002
-1684
1835
-8917
387
-2980
8174
-3961
6654
9502
684
-6259
9848
1086
-1355
-2019
-4861
9805
-1639
7743
-5153
9005
8340
7965
-4938
2648
-8986
3219
1201
-3534
-8860
9739
-8791
-2359
-399
-7078
3669
7803
-6505
5902
1792
2478
-8898
9911
-2483
-5643
-6484
-2673
5058
-3479
-8886
-5197
4456
-8140
-2210
-8983
-5531
-9366
-9920
1607
4694
-6114
-567
5863
6692
-9048
2575
659
-7880
-6346
-5106
-3428
-6482
6619
1181
7030
7836
-2973
-7458
-7664
-956
8643
-2501
2027
-5943
-3268
-9481
8428
-9806
-1610
3362
-890
-7775
8785
2527
-7764
9586
6039
-4068
-2401
2174
916
-8622
8330
7473
6650
3813
-1343
-4906
-3630
-409
8256
4795
-4307
7644
-6097
7417
-6538
9362
-3422
9006
-7596
7435
-7909
-6803
341
6423
-6355
4965
-9202
779
-3029
5132
-3405
2576
-36
-2020
-3067
2829
6750
-6850
8675
3245
277
6369
-5639
906
3592
4826
9835
6026
7071
8598
8767
8129
-4992
6234
608
3676
7829
-5380
-4539
-9445
9750
-6233
-8871
-8088
9748
8358
2697
7340
547
1458
6988
-6668
-6178
882
-753
7172
-3266
5817
4710
8059
-6011
8937
-8158
-8917
-5641
-3231
-4775
-5833
7870
7893
-7613
7354
-7527
-3981
3345
-7558
-9833
-6991
-2250
1154
1708
-8231
-4204
-7777
8012
9532
274
-7848
-7931
4018
-8589
-2016
-3875
5447
-5624
4465
-9377
6723
9110
-8045
4553
9599
-4374
-6629
-3931
-6062
5850
-7823
-6968
-5731
-2373
-9388
8625
9369
702
7235
-121
7381
-6871
7815
-915
-3043
-4992
-6687
955
1579
-6330
-6801
4897
5858
-1936
344
-8314
-373
-6888
-9060
9082
-365
-8300
-2850
854
4335
1848
2478
-354
-4640
-6672
-1405
1666
6846
1082
2747
-3216
6507
-2274
-5639
-4556
-5323
3802
1125
-3820
2538
-3474
7747
6911
2284
2218
7631
8089
-2309
8644
1930
-5762
-3520
-8891
5362
-1291
4390
9412
3764
-8894
-5111
6923
-9443
8191
-9458
3314
7596
-7438
-8642
2555
-9379
7514
5770
717
-3269
7872
9652
6890
1418
-9815
-2290
6765
-6842
-5763
2904
4524
-2794
-3987
-3041
7288
4497
-9876
860
106
9571
8456
-6830
-1293
-5138
-2263
-4479
-391
3956
-9388
9002
-1264
8574
8853
1563
-1252
-9590
196
-1537
-3984
5249
-5517
-3805
-2294
-94
-6126
-7066
6655
4263
-6877
-4226
6405
4386
-5957
4653
5508
4425
1663
4192
-6944
9456
-5590
-3132
5862
-3569
-1886
4148
-8297
7059
2588
4634
6991
-2875
8275
3933
-6157
669
-9728
1991
4862
-5326
-7868
3414
5699
-5590
-8194
-1322
-681
-3258
6108
9605
8702
-4136
-9922
-513
7490
-3467
-2983
-9249
-4050
4658
-4972
-1167
1759
-477
-8648
-865
9716
-4468
-2850
-3766
-1983
-7509
-5882
-7897
-3457
-315
-5733
1160
-3296
5284
209
4480
-8683
-7417
6657
-5277
-7674
5592
-7132
-5709
3058
6544
-5513
5002
2038
-1240
-2695
-9273
-4130
3891
-2934
8130
3436
-7466
4375
8603
3629
9813
-6689
6527
7449
-3866
9887
7962
194
2223
8614
-6593
-2225
-1838
-1332
3935
6343
-9981
-3606
-8096
-7341
7684
-8069
4412
5517
-6867
4767
674
1985
-5757
-47
9852
-3856
-2662
1666
4902
-6093
-6462
9182
2362
7743
-2013
9430
-2320
-6263
-7511
-6316
1035
-7206
-6320
8212
-6185
2836
4904
-703
4687
-9951
-8091
-6700
7436
-7826
-3592
-3474
5238
-9071
-1895
6521
-8824
-473
-1746
-7249
8695
628
-9041
-8501
-3930
9879
-5445
196
1299
7169
3253
-6112
-6614
-931
279
3764
5999
-8894
481
8111
-3288
-1702
-2937
-4608
-5065
-8743
1974
-999
7391
5014
9328
1442
-1097
-273
6035
4030
-7042
-5725
6797
-1173
2167
8211
1456
5428
-7665
-6161
6259
8887
243
8086
-4740
-6111
8011
1478
-3243
2469
3772
-660
-2052
2300
-3575
1098
1772
2538
-5415
5967
3359
-7006
-2052
-6530
6620
-1650
-155
9430
521
575
6428
-5916
7102
6348
6415
8
4941
3540
-5566
5361
7194
2744
-546
-9411
2203
2993
8670
4680
2851
-3453
1852
-3265
3555
1062
-6336
1169
3499
596
3487
6588
-3240
-8815
-3742
5860
415
-3021
-9556
2229
-2298
-582
-2549
478
-7104
-9851
-8054
-8781
4731
2999
-3569
-1106
5019
4011
844
-4638
4439
-3253
2432
-8765
5696
-5997
8237
-6216
-9163
679
-9820
8492
-1835
-9297
-4732
-3220
-1707
8539
-1538
-4168
-1470
1954
-5315
6905
-5033
3832
-313
7572
5030
3818
1019
-9687
8634
-1486
9538
2378
-7989
5597
-1727
6251
-786
8968
7812
-3199
-767
-3113
-244
-2425
-2710
6252
-5933
8033
6983
-5204
-1100
-6663
1517
-3823
7140
448
-2081
6619
-2222
2148
8881
-3299
2034
-2959
-3699
-9223
-9636
-1241
1095
3376
-5551
7017
-6015
-2975
-1599
9148
4011
-6281
-6404
4398
-5631
-1080
-7685
4719
-1932
-3504
-2408
-2577
-6121
3143
3342
-1919
899
6492
-6964
-3594
-5231
-1915
-8053
56
-5821
5426
9531
-9159
-9183
4033
92
-5980
339
-3431
1165
3209
-8900
1942
1923
-4641
-2511
8702
8163
-9615
516
4746
13
2966
-5096
8785
72
4082
-3426
1874
-8229
-4490
-9232
-3350
2911
-6841
3948
404
4133
-8462
7297
-7634
4534
-7373
6159
6459
6385
2650
-3690
9397
-2324
8104
43
9280
257
-838
9466
8612
8496
-6868
6697
-875
3365
-9625
1044
-961
8900
-402
-7784
-9550
6577
3090
3201
1686
-7747
-3037
-9355
-8487
6703
8271
-2736
-53
-4221
-9017
9931
5099
1748
-4309
1957
476
-7497
8919
6875
-8589
-4246
1864
8741
5105
8726
-6277
-7832
5542
1021
724
-5942
4272
-7126
-8066
-8005
2101
5051
7547
-7233
8909
2492
8224
-2804
-5723
-1359
4802
8073
5955
5849
6466
8517
-7102
-3776
1647
8455
9112
4741
8645
-5784
2131
-4965
-8089
-2903
2415
-9221
5864
-3470
-9025
7859
2082
-8976
-8417
1949
-6367
-3075
-9419
-7902
667
3248
8510
-507
-3217
-9448
-8214
-4712
1983
3224
-61
-2829
122
7813
-1815
-7362
351
-7655
1888
697
9775
-5969
-7504
-8208
-3277
9242
-8566
-5522
436
-6285
9687
-5860
2625
5165
-6588
3800
-304
6367
4704
7082
1735
-3611
7142
5393
-8553
3320
1440
-1878
-9450
-9358
2965
-2070
-1426
7041
-9810
238
8957
-6476
-2275
9748
-1955
-1560
8264
4223
5506
-7633
7616
-7908
-1712
-742
-7206
3418
-9724
-5009
-1990
5984
3342
3870
2235
-1856
7619
4802
6220
4469
-3941
21
9277
-4484
-7098
7343
1801
-7275
-7789
-3730
-402
-7320
5342
3321
-2294
4720
6361
9038
4529
-7557
-4930
-2755
-7158
-4119
2793
-5875
-7386
5442
-1236
-1787
2345
8912
-1838
3358
-3071
-1788
6729
8434
2373
-5481
-5103
-1226
8160
-8412
7583
3651
-307
267
340
7853
9776
3113
9319
-41
-5288
-6810
-5492
-955
9959
-2743
4132
-5577
3056
3264
282
-707
8449
-3732
2948
1309
97
-5084
-649
-160
2723
-3906
9899
7920
-7676
-9038
38
6874
-853
2654
2740
-982
-8651
6776
2622
-2727
-8866
3471
7944
-532
50
8846
13
6323
-6207
-2922
-4132
2503
8673
754
5204
9508
-4794
-7196
1488
-4143
-2425
-8409
-9989
-5154
5292
6645
8168
9001
9224
7448
1678
9283
8239
7103
8471
-5768
3425
-6941
2416
6217
8867
-7950
-1387
-8460
6593
4786
4740
-3673
9729
-6333
654
4156
-6189
-2162
4541
169
2475
-7767
1498
5613
9766
6744
9381
-2636
-4159
-7900
-6284
6158
-1151
5743
4
1323
8192
-3317
8764
-7248
1065
8219
8264
-7507
6610
-8326
-8219
2148
-438
4260
4967
-6269
5850
7223
8092
7528
-4487
3171
6082
519
8561
4712
-6106
-1417
-5873
888
-8068
-6226
4184
2235
-9747
-1816
7910
5117
7244
6326
-9574
-8185
-9174
4672
-2901
-9557
9264
-2742
-3416
2489
-7942
4017
4713
1963
8061
1108
8154
2526
-4657
1814
-6854
-9013
9132
-3876
75
-6211
-8509
4801
-9178
-6373
-9146
-2264
3020
3975
635
-9825
4802
8440
-9149
6582
-139
9177
-5673
548
-2114
-5743
274
5412
1600
-8942
6021
-9539
5180
-9115
-7416
-1863
-3986
680
7454
7069
-8562
8787
7039
-9613
-7407
-8031
2761
9826
4730
4975
8372
-3355
7005
3360
-718
4634
-3579
-3915
7303
-8046
7941
-4099
3392
7505
-4504
-4106
2789
-9896
7530
9640
-7195
3624
8488
-1833
-6687
3788
6534
1473
1303
4230
6295
2293
-1923
677
2505
-5823
-7315
611
809
1176
-9840
2744
-4154
8686
-5790
3119
4021
1761
-8548
-2197
-4630
3208
-2500
1559
2942
1289
5140
7498
-7191
-503
5875
-6920
9687
-9096
-8949
-1379
-639
3747
-6061
6069
3827
6787
7616
-3123
1123
-4526
-4245
-2754
555
-2796
1703
-7915
9761
-9329
-3398
9391
8669
1837
-8883
-9370
-8420
9323
1153
-7480
-1594
-5851
-6314
-1421
5772
543
378
-9986
-6594
8317
5992
1527
4046
5954
3202
4471
7364
63
5139
3758
-9468
2007
904
-1093
-6532
1173
5327
6735
1949
4772
3721
-2349
5268
1760
4618
7025
7035
-1545
7470
143
-1133
-5342
-3964
9389
-7013
-9228
1540
9368
-3439
-2462
980
1677
2315
-3946
-7462
5408
5378
6004
-6245
3787
-9078
-8488
728
7710
7583
3729
3429
-9045
-6956
-4147
-6238
7214
-5201
-3010
4158
-4169
-3704
1604
5568
-4613
-8537
5774
-4016
3730
-1837
-966
6842
7351
-1061
-1852
-566
2754
-4930
1168
2046
-6735
-2586
3631
2164
-5234
-5931
6234
-6075
7765
-6738
134
-2570
7441
-2865
3873
-5088
4178
2695
5902
1358
-8857
-8909
3568
1360
7180
-1947
5858
872
-675
879
2719
-6125
-5572
777
9478
-840
7736
8008
3475
-8307
-8908
8495
9151
3283
7884
9070
2537
9337
-9831
-9901
3188
2759
-3809
522
-4787
-5177
1940
8340
-8375
3273
-6758
1066
5420
278
-2096
-5271
-6201
7304
8110
-5148
-887
-8407
4483
1866
4065
2905
-5989
-9194
-2576
-758
-1905
3467
-5367
-8794
2273
435
9422
9195
6395
5359
7094
4515
8298
1110
5099
3199
6495
-4975
-9675
2750
-5266
9238
8218
7307
-3198
1646
-9929
-9562
-1000
4358
7159
-8982
716
-5834
2125
7102
-1914
6601
7108
-7741
6714
-7255
3470
-3937
-9517
-5984
7269
6802
-5367
-9562
8304
6756
-2454
-7855
-4662
-7709
-1335
1211
6913
3568
4110
3507
-4162
-7831
4818
-7936
7217
8284
6015
1155
958
7866
-9127
-9665
2534
-1051
-9582
-6194
5266
-4340
-9089
-1053
9703
-2311
-5657
-1447
-14
-3398
3068
2842
-9768
-4582
90
-8277
4621
-6175
-7968
222
-5154
5599
-9708
954
62
3477
-6083
7732
9115
-282
4204
6081
-9349
1176
-2808
5877
-5859
6679
-9681
-3703
-4596
9080
-2441
4134
-7184
7350
-8914
-7601
2101
552
246
8176
6426
119
8082
8421
620
-5931
5182
5339
8112
815
6116
-8683
-3589
-9226
-6261
-6022
7237
-849
3872
-454
4704
9528
-6480
7298
7008
98
8672
-3246
7167
-7000
5695
1443
9161
8003
5047
-9655
7337
1694
-6830
967
-442
4442
-5678
-7508
4216
-8458
-640
-2655
6808
5801
3719
8249
7392
3272
5907
3490
-3108
5678
869
-2121
-697
1519
2513
8107
311
-8753
3458
8205
745
7841
-3745
7834
3871
-1313
-9015
7517
2897
-9852
4284
9698
-1503
-6734
-7345
-2098
-8069
-6212
2761
6941
-6700
3453
3938
3588
4335
-5844
-7385
7806
-8533
3422
-12
7843
2928
5610
9677
-3289
-346
-2231
-1183
3644
-4070
-9384
5844
2715
5922
7413
-1594
487
1994
4257
-3383
-3720
9963
7376
-5788
4182
-8681
8022
-2002
-2347
-939
6087
-1831
5818
6805
6260
9694
3020
8716
9028
-4289
-697
-2824
-3743
-82
6331
-6836
-8165
5355
1401
-8330
7363
5834
3911
7390
5292
543
-8073
-4831
4124
-1510
-1873
7284
4600
-4692
-8061
-4863
-1809
-4666
3418
-5559
8557
-8118
2570
-7229
6150
-8358
-1767
-3365
355
1281
8666
-206
4482
-192
754
1630
9348
-3130
-797
-115
9906
7796
-3946
3721
8918
-894
7454
9014
6771
33
-3703
6450
9369
-37
7884
4606
4085
5928
6695
2070
5564
-9279
8595
9630
-877
5124
-9352
414
9154
-7633
5571
-7006
5252
7623
-2887
5413
-8820
1741
-2453
4556
-8167
-165
-2904
9720
1080
-5489
-2099
1986
-7675
-502
5944
-2457
4516
-8763
-9870
-5481
6001
-7497
1607
4268
8996
-8206
1991
-7504
-4070
-6933
-147
-9881
5640
-2673
-5184
-4758
-5684
-6536
-3928
7665
-3642
-4452
-6796
6015
-9941
-3423
3820
-4332
3795
6715
-4950
-2895
-3492
-7344
-5084
7123
-3414
3381
72
-6787
8820
7719
9586
-8432
-2827
-7179
-9864
3410
-9430
3174
6642
-627
-1497
-1099
5172
-3986
9307
-4949
-5721
-6874
-8842
-9316
9969
-4449
8760
6413
-9925
4502
-112
6780
9691
-2621
-7342
-1708
-4871
-6238
-2730
6057
1246
4786
9689
4748
-4206
7157
-2487
-1602
6302
3108
-7172
-5164
2623
-2002
-1650
-5933
9724
8006
-4785
-5416
-6785
-1974
3837
-4857
-9950
4910
-8134
-526
-8169
-2457
2635
-6971
-7747
-1256
800
9051
-5330
-5222
3882
-3109
-7063
7779
5156
-1869
-8492
-8718
6262
3994
-5253
6679
-3368
6090
-1872
-4614
1739
-946
920
-7408
7611
8658
4699
-1720
9972
9139
-8935
-786
-3396
-4146
9925
-296
8693
9580
1761
-2106
400
5696
3891
6190
-4785
4728
-268
-2554
-1431
-4045
-7220
-3044
-7148
-8156
-4204
-9243
645
4019
1164
-8603
1292
-400
3599
-5008
8332
9647
7241
-6964
8667
-4252
5908
-6915
-7000
2369
-4715
-2424
-3467
272
4524
-7490
5837
949
-5590
-9725
-6418
9170
559
5263
1444
-8133
-6489
-2465
8285
1137
2528
-8018
-1397
-8860
-8495
442
-3952
1169
-208
1074
6798
750
-5256
9449
5037
814
-3478
-9470
9549
9534
-4703
3754
-2537
5462
4990
-1015
-9977
-9695
2067
7315
-5193
3084
4470
-9659
9724
-7899
-7073
862
-2120
7462
3214
-6100
-743
-3681
7575
-1792
4097
9003
-1833
9729
-1827
-5708
6731
7619
-5656
-1345
-2168
5018
-6643
4960
3544
2379
-1121
3818
-3314
3459
9479
9817
-4412
8721
2945
-5321
2411
-9749
-2652
1720
8824
2204
-6557
-4292
4949
-8263
-5811
-7085
7212
-5767
-6814
7198
-7120
4814
6876
-4746
1551
-6660
3528
3150
6305
8751
-1870
-7301
3605
482
7220
-9844
-6917
4585
5948
-6920
5468
-3438
4668
-2960
3843
9368
-9319
-8564
-7209
3555
8077
784
-1108
-8178
-9434
5881
7237
983
8229
-7271
5567
6016
735
-110
1749
-5615
63
5643
2160
6011
3420
-1109
6001
8668
8366
-3650
-6528
1471
-8810
-9587
8288
6389
-5202
6158
-2967
6785
-3143
1709
2630
-5435
-5247
-394
-708
-1701
-7233
3643
-1307
-9872
6560
304
3369
-7479
-488
-8805
-7365
-2540
-7881
-7655
7677
-2957
5941
4248
-7117
-3994
9084
7162
2915
-3791
-3434
-1698
-9682
-159
-4627
4954
1297
674
5980
3025
-390
-6237
-6174
-9017
-825
-6213
7306
4258
7913
-256
5586
7561
-4684
-3844
5732
-4792
-2630
-7591
9806
-6420
3443
-9867
8754
603
5767
-529
-9040
-1368
2339
9396
-7397
-2478
-5325
-9600
6953
1055
-8922
4991
7788
1356
2738
-5329
917
-392
-3610
8421
-7924
3919
-6146
-2346
2194
-1017
1584
-1176
4722
-1112
604
-350
-4437
-3254
7056
9522
-8020
-3494
-2711
815
-2111
-6531
-8051
8208
1471
6670
-7681
-9079
3382
1916
-2328
8200
-423
1969
-7937
4727
-6009
4894
-6760
-7770
6070
-9638
-9750
1161
6222
5150
6010
3450
-9250
-505
4611
3355
6874
-763
-4679
4290
-1702
3734
1808
-1665
-8279
-8112
9149
-354
1356
8287
-9130
-8823
5390
365
4733
-8877
6428
-6289
6834
1668
-3435
-2571
9249
-5791
5103
9593
-3970
2721
9145
2799
5332
4394
6295
8413
3132
-3728
-5958
3507
6200
7008
7152
1343
-3057
-2345
1499
5848
9098
4689
4216
-2333
2220
5624
-4945
-1123
-6599
6965
-5909
5306
3047
6978
6287
2865
3750
-6345
7667
-997
-3576
-6353
-5088
-2594
-5862
-2802
7507
9278
-9055
-5209
7061
-874
-6090
-3410
8442
3575
1191
7443
-7932
8190
-2882
-4595
8489
-1144
-9913
1285
5309
7078
6777
4620
1144
1107
-1597
-171
5761
-6161
-7702
3835
-7414
4927
6668
-6892
8778
-6174
8816
3867
-3352
-7105
2439
-989
7656
-9709
-3546
-8159
4107
6547
-4154
-2162
9587
-5513
-5860
-3075
3024
8016
-4361
2847
-6465
9221
5342
-2973
-9331
4882
-8864
849
6780
171
8360
9692
3845
6369
-6864
-7254
9118
-9833
-9630
8882
-9432
-3814
1680
2653
4591
-3665
8392
6805
9090
-2121
-829
4717
-1517
-186
-6649
-3497
7283
-3724
1747
-8221
-4543
-5827
-8236
-6326
-1220
-1662
2288
1126
3104
2477
8295
2615
-5498
-8846
-7793
9084
7802
-3746
2210
1882
4067
-6247
-3530
-5561
-3593
-4398
3295
-2222
-8293
-4605
5118
1888
7042
-31
3504
-6946
-700
-1626
-7144
6163
-6659
-8869
2428
-7030
-8074
-2619
-2770
8225
-92
-4684
942
-647
-9478
-157
-4789
9317
-9895
6325
3070
-5808
9729
241
-472
7822
8339
-3616
7075
7736
8791
5621
-1276
-7520
1064
-2988
-4763
-5061
140
-5127
471
-8809
908
563
1533
-4476
-2003
-3551
2146
5214
-2827
3836
-1636
3975
-393
-5334
5053
7876
-8419
-195
-1859
5931
-1284
5062
-2277
2310
9179
1691
4177
9455
-2075
7268
3762
46
1866
4567
-4141
7844
4055
-2861
-5080
-4619
7375
-512
-4814
2213
615
4091
3345
6499
8289
4766
8304
5650
-8746
-5640
-4690
-4897
4133
8319
7309
-65
-459
3905
-3170
4887
-8172
8928
8658
-7555
8830
-7650
-8289
-146
-6673
-5991
347
-7693
8517
-970
-2271
-9915
-5158
1021
-6667
-315
8013
-3351
-3673
9348
4773
7495
5465
540
-3083
7543
7319
-1670
5829
-2468
6488
-4793
-389
4576
-6267
4193
2038
3327
5288
-6656
-1909
7423
-3567
2979
-7763
-1162
8257
6431
359
4706
-2156
9914
1219
8486
-8314
6395
-4737
-4159
1419
9397
-385
-1044
4210
-2485
877
7947
8851
1805
8885
1937
4159
-703
5072
-969
5281
9792
5194
1626
3924
425
-5377
2509
9600
1939
-3312
-7603
362
-4816
-8688
4614
-8488
1569
1613
-3518
-456
5261
-8136
6460
3493
-3035
-2835
6015
754
-2208
1506
-3277
-2758
-9915
7204
7686
-7743
-2082
7868
-7606
4639
-4489
7367
-1443
-772
4023
-8986
-2816
3704
-3509
5825
-6553
-7855
-2314
2378
5606
5966
4838
-8861
-3471
9056
-6945
-8510
8287
9080
-8640
7468
-5887
5371
8635
1390
2335
-775
4679
486
3979
3401
8221
-4107
3587
5551
-5683
6800
-5394
-265
6865
-6130
1591
7319
7910
-1623
1016
-9240
-9262
3434
-306
-5776
215
2562
2735
-5421
5471
984
4023
-781
8473
4822
-9450
-1160
-2953
4302
1556
7059
5646
6801
-4756
4398
-6280
9875
-5088
9302
3059
-6904
-4310
-5790
-9449
-3598
-7293
-4524
5117
-2734
-4056
-6338
4414
7332
8750
-4590
-1080
-8363
-5280
5728
-897
6275
8070
-8566
9769
6737
1889
-7531
1945
-1975
-2131
869
-4089
-6321
5915
-8489
2916
3191
-1773
-4860
882
-5227
-5909
-9329
-9305
-4117
-245
4597
3846
5941
-4772
-4412
-2595
-1803
2634
1135
9909
-3062
8272
7499
5881
-5337
3903
2373
-5464
3314
8986
4845
5508
-9090
4286
-2731
5726
7350
6692
3821
-4063
4959
-7673
9405
-185
-3834
8849
8071
5850
5921
-285
-4622
3207
-9864
8362
-1948
7024
4931
-791
-6791
6721
452
4911
4592
-241
-1412
-4297
8966
9435
-9790
-6804
-3472
-2977
-3590
-5448
6408
-5303
6947
6655
-8919
-7443
-7192
-1685
-3027
1059
-5682
174
8614
-4677
-1044
-2192
-6015
-3265
-4847
6849
-7351
8508
7727
251
8288
5208
-70
-4267
9396
-9831
-5985
-8466
-910
-1404
-1982
4299
-8265
-315
2423
-8926
-657
5604
-6979
5205
5404
-4061
2955
6181
-1926
-691
-6463
-7745
-7832
-7321
-441
5001
-9617
1530
-382
-6425
5464
3247
8071
6288
6287
-9035
1672
-5055
4511
3357
8672
-8307
4811
3202
-2191
-2835
865
-2284
-3100
-5450
3641
5039
-224
-2436
524
6338
5189
-1662
3880
6929
7527
-6065
1791
5359
1692
9867
-5818
-7801
-4486
-4487
-5899
-38
4719
-5286
-6265
4617
663
-1260
8269
1661
-4357
-7251
9994
-3602
-7151
-6977
3941
-3464
9804
9037
6226
-540
-5716
3434
-6907
-7518
3128
8422
-2128
8763
1977
-2173
5793
-5682
9026
-197
-7835
6122
-6804
3519
-6820
8477
-6864
3713
-4866
9864
7085
2858
9533
-5283
-7084
-496
-503
-2149
-6320
2669
9539
-2550
970
8546
3874
9517
1570
-48
8480
5358
2280
-310
5295
-1440
-4022
-9725
-9707
-684
-7231
-8168
-1798
-391
-5533
7934
845
-4591
6662
-4509
7340
4873
4069
5483
3145
1456
-9963
1297
3896
-13
28
6915
-4403
-4693
8113
860
-7716
-6944
9030
2606
-5082
-2456
-1805
7671
4182
6306
-5383
-1507
-496
-9377
-1348
-6126
-3440
-7408
-2985
5770
9238
-5792
5026
-1476
9176
7054
8619
-1338
5842
-6728
-562
600
4016
-8028
-5686
-2749
-4450
-3642
8168
-5560
-2079
7753
7001
4276
7872
7427
-6406
4334
182
-4318
232
-7239
432
2141
5655
-9508
6698
-8986
-3949
-1319
-4561
8537
-2577
-5911
5808
9663
9091
2008
1325
-8132
-3610
8350
5306
-7696
4008
6966
5597
2711
7731
4828
-2231
8833
5689
3658
9894
513
-1486
-671
-1997
-3363
4129
-2917
-8283
-3663
473
7054
-4652
-9885
4795
5949
4394
7531
4091
202
4247
-6944
8472
864
3004
7596
-1427
-2573
-1704
2727
3262
-1991
5503
3212
5875
4592
353
6015
-5684
8106
-3569
4482
-7765
7008
-3606
-7109
-449
-7658
3724
9853
-8705
3632
-3854
-8684
-8170
-455
-3571
-2973
-9150
-5780
8036
-7498
4918
-6629
-5656
2924
-7857
8232
5431
-5328
5130
8705
-328
5587
-3428
-5990
-8453
4414
-1331
-184
-7471
2471
3477
5152
-7073
1447
4318
5247
8710
-7568
8758
-6498
-696
-5182
16
-8679
6362
6195
-8105
3756
9971
7639
2337
104
-3936
-7166
9012
8436
-7703
7523
9843
4636
5871
3643
1474
-1968
1531
-2314
-8115
-4096
-4855
8903
5811
9913
7012
-7517
3298
2982
3557
-1710
7365
4739
7361
-7102
-3213
-5165
-2979
5091
13
-8852
8913
5567
4399
-1711
2216
-3983
-3166
6225
567
-6660
-3729
-3765
8608
-2292
-4032
-8339
-7778
5158
-6812
7134
22
-6916
-8904
-5793
4236
837
4281
4480
5118
-3473
-2218
4219
-6086
8444
-4270
3097
-5436
-9364
-2680
2843
2690
5730
2520
3712
-2740
4466
-4064
-4928
-3930
-2224
-4040
7018
5035
-5366
-2138
-7291
8336
9789
6805
8825
77
-6561
-236
-2480
-8467
5882
4202
-2817
-1873
-2420
4938
430
9402
-6194
1883
-8739
-2269
587
-5327
3376
9777
-2294
-2812
3360
7237
-5812
5377
-1459
-3450
-8659
1071
2455
2782
4446
-9909
-7585
6770
4988
8971
8706
4724
1813
3722
-4724
3191
-1504
-5635
-9482
984
3183
2439
4388
4268
1092
-5703
853
4339
-5397
-1774
186
7348
6424
5555
-2251
-805
5914
-1319
7879
-2782
-7071
-1497
3017
1861
-8916
-7470
9875
-3143
-382
-2803
4700
-3683
2450
4647
5161
8520
9179
5568
-4192
2557
-5824
-9427
9309
-9610
8829
-1113
5832
5981
-4513
-2992
-4078
3425
-2090
6923
2368
-35
-3075
849
-3692
-8232
9645
-7444
-6852
-6598
-6183
9953
9464
3705
7403
-6889
2898
2474
-276
-2751
-8436
-5231
9852
1524
3010
7967
-17
-876
-9943
-3021
-3964
1659
624
3948
3614
491
-3364
-625
3750
-4587
-6543
-6290
7761
6647
5843
7842
-5568
-7653
6114
-3712
7157
2864
5013
5148
1772
7779
-3989
-1639
-2873
2441
-3352
-2249
-2801
4196
-7231
9631
1956
-2216
-1850
5241
-1005
-5923
4468
4785
2262
716
4475
4867
7210
-3844
1266
-6554
-144
6776
3331
-4380
8268
8868
5837
-9327
4190
9059
-9320
4906
-6539
-9669
6276
-8001
-1028
-4771
559
1516
5440
-9298
1617
9199
2650
-9111
3672
7595
-6394
8294
5735
-3368
9455
-101
-3281
5666
5031
6867
-2290
-3387
-5955
-6043
9153
5409
4203
-9058
7396
9384
8441
-4563
1822
-656
-132
-5609
-4715
607
-2168
497
3289
-1948
9521
8541
3319
-69
-4566
-5069
779
-6261
-8002
5088
4007
-7563
-7350
-8965
-7770
-1417
9207
-6597
-6314
1694
-3105
-3252
3135
-3571
9531
1993
8601
-6939
3727
6341
9332
9586
7192
5287
7803
8918
3369
8342
-2860
-5886
-2375
-7419
-925
1420
-8495
-8172
1695
246
2406
-7266
5577
6547
6408
1514
-8540
9699
1559
7097
6145
4438
5426
4003
4181
9369
-8273
4309
5310
-1687
3493
-3338
-7516
6122
6825
5323
2633
-4337
-7606
-5286
-5865
-9657
5220
-1137
-5718
-8306
9121
8728
-5685
-906
7803
-7865
538
-6836
-5577
-1316
-7697
-5550
3155
6558
470
-7859
9440
-6817
8998
-4137
-3204
1793
566
-1136
-9461
-1351
2811
3884
6003
1042
-9091
-6289
9487
417
-4914
-6699
7860
-7004
-408
7086
-2044
9079
7122
4630
3996
-5168
7075
-1349
6893
-3849
9208
6450
-5235
9197
5378
-2198
9544
6331
-2767
4475
4603
8426
275
-5269
1251
6675
-9842
3884
-7522
5724
3375
8024
2552
-412
-4317
5859
9835
2490
-6720
-3993
5303
3576
8201
3018
3270
-7663
-8980
8148
86
3541
-5704
-8945
-9718
-9134
-8538
9396
-1536
7590
-5093
7328
5037
9589
7695
8507
9690
-7057
-3244
-4175
-8617
-9311
-293
-7078
6172
8919
-6807
3957
-453
6188
-9308
6490
2008
-6344
-3582
8202
-3023
8026
-66
-6775
-1017
1397
1057
3217
1354
-584
-7473
374
6513
4029
-9937
9629
9140
4271
6530
-2937
6619
6239
-8215
-6333
-256
6003
-4429
-7894
3464
118
3264
-2387
-7493
9342
-546
5075
-6644
-5067
4631
-2944
7025
653
4821
-8331
-7196
-9948
-3387
-5321
3553
9756
-7348
-3666
3949
3140
2303
675
2663
-6811
-6445
-1299
908
2627
-3533
1298
-3378
6481
3538
3944
-798
8458
7364
6399
-696
-536
-8213
1490
-8577
-8981
1968
3478
-1247
6228
-727
1823
-2686
-3150
-7161
-5181
-9943
3117
1615
8079
-742
-5386
1923
-5461
4871
-415
7398
1291
4309
5561
-3218
-2031
-4287
784
-952
3896
-2406
-6248
-3544
6662
4505
-7676
-1133
6752
3518
6110
-9793
6590
8011
-392
-1337
4084
-1574
8924
7698
5838
5592
-4723
569
-8332
527
-5797
3660
-4201
-9977
-4101
5508
1851
-7636
-9284
-5492
2726
-9553
-531
745
-5597
-4541
-7212
9567
-5272
8324
-8620
5894
-1250
-1570
6945
-873
-1411
-1564
4704
61
-3039
-3219
-371
5610
-467
-4059
-4280
-7045
4996
8734
-2659
-4720
-4030
3980
-3809
-7528
-8980
2855
-9535
4784
7751
5673
8476
-8112
-2832
355
-2112
1225
4807
-3279
9275
650
8692
8713
-943
-1919
6781
-4337
-865
-9024
-5071
-4900
5911
6071
9460
-1784
5105
-5587
1534
3474
-2392
6550
-2849
-4594
-9999
-5365
-3494
-5685
6254
2296
-611
645
-2131
-4331
-1707
2684
-7563
3737
1267
2624
3450
673
7651
-9823
-8588
1003
-5803
-4623
2075
8483
-7708
6252
5958
5940
5749
-8348
2049
5805
-4854
-5984
-9302
8321
-3615
-7778
110
828
5883
-3082
-9757
-9884
8508
-8331
-7574
9368
-813
1583
-2139
-3588
3680
-8069
4771
-8465
-8434
-4969
-883
-5380
-6306
8267
-2673
3010
8195
325
3081
6283
-1529
-1778
-1203
2990
1315
-7608
6158
-7
-7436
-6775
1688
9906
3446
451
-208
472
-955
4888
-7130
-7819
-9234
1446
6625
-1198
3522
5522
7943
1682
-9925
7907
-1349
4929
-5007
8239
-294
-4014
-2275
3884
5044
-5296
1468
1871
5833
5675
8474
4925
4070
-2519
6527
-2509
1313
909
2792
-9801
-7016
-661
9281
-1260
1902
-4103
-8214
-2828
756
900
2963
598
-4725
8970
6983
-4321
5720
5939
4685
7027
-6281
-8118
1320
7980
-7538
9360
-1085
335
-7807
-6370
-8292
-6592
8929
3891
-7174
-3839
-9364
9097
6761
-1092
-8660
-8658
-7191
-886
3914
7333
237
-6880
-5930
6785
3584
8547
5475
7514
-8737
-2498
9387
-2540
-1392
-590
-9295
-4817
770
3373
6001
-3936
-8418
-7327
9327
1866
307
-5179
-7282
-4565
5485
-6288
8477
6637
2352
-5558
-9729
1990
179
-64
4421
1336
1187
-8776
-7456
-4799
-9606
-3586
-6762
-7361
1371
-6708
-8665
60
8095
-7273
8557
8101
-6948
8686
-9310
851
-6260
2895
-8383
-7096
7097
5290
-8579
-8898
-3782
4899
1159
-9516
7337
1103
9059
8076
-6754
-7230
-9771
2180
-6467
5842
7320
1490
6154
7596
-8039
584
1666
-6744
-5607
7448
5560
-9277
-8337
5946
-8179
5252
4099
-1015
-6399
-7857
6203
-6143
-6698
3055
-1983
8754
-6712
7532
-7342
-7833
-8851
-2176
2725
1462
-7345
7487
8274
1962
-6341
-8507
-9021
-1136
-5982
-1217
7336
581
-9188
9750
3060
103
4236
720
-1764
-8219
4692
3372
-2676
-8928
6943
6826
4563
6836
5438
-2542
-3793
5113
3149
-9395
3460
9473
1164
5368
693
9930
9245
6846
4922
-1528
2774
8180
8678
316
-1622
1002
7154
-5747
2960
-3011
5784
-2578
-850
4595
3212
1335
-7605
-5457
7782
6661
5689
-4674
-943
-6994
-3547
-8180
-1706
164
4779
2889
-7879
2880
-4629
3672
-6268
-989
-8385
-2619
-1742
-6607
9059
-6243
9614
1948
-8074
7173
1094
9041
9015
-8282
538
-4739
-7192
6203
7139
2332
8540
3819
5953
-9071
1784
-1817
-337
2978
-4307
230
5537
-6303
7123
-5423
48
1767
-3104
-8334
3241
3942
9849
6516
-7992
7434
-5868
9728
7214
-2892
-5847
-5535
-5936
-5902
6996
-3050
-9784
-7890
5620
-6946
-4223
6145
-7044
14
4664
270
198
4455
5037
925
3300
1253
5020
-8467
-1977
-6206
-4969
-6860
-7287
3874
-3083
-9420
2147
-8314
-881
-542
-3550
7627
-8755
2239
9359
3205
8094
-7882
1385
-7462
2225
-3190
-9413
6240
2298
2410
44
-9721
6222
7626
-2744
-137
7005
-5133
-4089
3954
2440
-8406
-317
6281
3096
-5239
-5913
4737
-8240
5050
-1084
8921
5383
-8555
8999
-1789
1215
-2533
-6609
325
414
1173
800
-837
-357
4771
-9445
-8784
-6016
-8552
8823
-7519
-8383
4419
6424
4293
-9781
5708
305
4849
3930
-7044
9218
3301
3980
6345
-7535
9718
8836
1297
5890
-7902
4162
3332
4769
-8398
9013
-3950
-3946
-5267
5794
